0.47951134
-0.10386928
0.18846404
0.22407904
-0.12776293
-0.00600029
0.61613563
-0.04926138
-0.27181446
-0.54760306
-0.05603109
-0.40371966
-0.34453459
-0.45328705
-0.46235389
1.01913074
1.00574340
1.75997003
0.06682290
-0.34839798
-2.57127108
-1.53078887
0.05004947
0.78142024
0.03219799
-0.08811911
-0.71748943
-1.32264943
0.91826498
0.00108468
-0.13613787
0.44169332
-0.01180076
1.17380304
-0.22016600
-0.17676319
-0.30166499
-3.21919341
-0.30767421
-0.47341260
0.78172677
0.30189209
-0.24927488
-1.64161146
-1.13158587
0.02157756
2.12039369
-0.10533298
-0.26987967
-0.72540171
0.27678807
2.82408509
0.32442681
0.43102922
1.05406875
0.83049295
-0.34833674
-0.12278921
0.19165519
-0.01480890
-0.38702967
1.54141812
0.10116831
-0.23950257
0.03110318
-1.30935366
-0.08412978
-0.33266384
0.11750809
0.05040190
-0.14426412
-0.89022826
-0.73511056
-0.03509691
0.54402013
-0.11093687
0.21632177
-0.30205104
-1.48084425
-1.35967719
-0.26632449
0.87117650
0.36692484
0.91276330
0.04636253
-0.21663383
-0.86788842
0.89840529
-0.87950735
0.03770075
-0.44475592
-1.03315313
-0.02877740
-0.81360902
-0.14972345
0.04872192
0.07286659
0.27568088
0.11995849
-0.64900445
-0.45344279
-1.14800944
-0.38448146
-0.11765025
-0.55456679
-0.52315643
-4.02730226
0.29376207
-0.00056060
-0.01253457
-0.39621562
-0.35133140
1.56531933
2.07699317
1.00513661
-0.08190880
-0.12151255
-0.93633417
-0.34569520
-0.01254989
0.05023073
-0.28469736
0.62569221
0.63666603
-0.29447914
-0.55908058
2.31979085
0.29423345
0.80088535
-1.39337516
0.96837698
0.76230148
-0.20041804
-0.39585586
0.99555688
2.13842961
-0.48607388
0.99668825
0.39973603
-0.12570746
-0.24774116
-0.36707364
0.15704037
-0.00019537
-0.31922375
-0.42164855
-0.33389199
0.41763422
-0.24001107
-0.79779009
0.57200276
1.47570342
1.23172396
0.76726498
1.19409751
1.14986505
1.49851199
-0.06008115
1.88066220
1.06228813
1.07828529
1.18283253
0.98309004
2.13948301
0.22999024
0.09946194
1.63491053
1.19348454
2.26406275
0.85582341
1.58176371
0.57497748
0.38968214
0.46593370
0.63752327
1.27195303
1.45537810
0.41020146
0.42303325
0.65650434
1.07402468
0.04203614
0.53806852
0.41124832
0.63933686
0.71439895
0.27434619
0.88554479
1.53611534
1.98729713
-0.34854679
3.01892868
1.23311104
0.75523548
0.29845261
1.64129518
-1.32303780
1.09540610
-0.03862427
-0.19751070
0.66235789
-0.66458255
-2.98533910
0.59080007
-0.34940116
-0.07784285
1.59121106
-1.71178493
-0.30932947
0.08547603
0.04150369
-0.09985444
-0.00443561
-0.72598589
0.91077973
-1.37612304
0.08704074
-0.04733624
0.21648871
-0.08317596
-0.63112518
-0.33192717
-0.43567592
0.06858416
1.89421941
1.17596692
1.40819566
1.23231119
0.82594416
0.43494598
-0.32976476
-0.17341091
-0.53442763
0.14671428
0.55245772
-0.31331480
1.32896555
0.04097820
-0.53701685
-0.11936858
0.07263445
0.32097665
-1.52991051
0.80517063
-0.55283762
-0.71168016
0.16839801
1.17018051
-1.29231602
0.28162568
1.02748954
1.39524357
0.46729434
-2.09105623
-0.99429737
0.81169331
2.48249150
0.17764891
-0.24004657
0.55843495
0.96846577
-0.55355839
1.07696915
-0.26978460
-0.27712303
-0.21371962
0.45636489
-0.24105798
0.47578094
0.59501060
-0.53597041
0.67340711
-0.16077139
-0.27127259
-0.31556111
-0.02260122
-0.02719846
-1.48644461
-0.38071666
-0.85878743
-0.35126852
-0.70090514
0.51507729
0.63319646
0.60118904
-1.12519730
-0.33173009
0.15604458
-0.48791416
0.78246471
-0.34969982
-0.09279508
2.35081130
-0.42667605
-0.45382051
-0.27375625
-0.00358993
0.99607675
-0.05163834
-3.64061735
0.35532750
-0.44776585
-0.60461056
-0.33547230
-0.02210844
-1.36158964
-1.09554731
0.96916799
0.04924104
0.96828817
-0.36176345
-0.71529403
-2.66209031
-0.82770460
3.10984785
-0.15160550
-0.39008152
-5.63299309
-0.32605987
-0.81395886
-0.06089631
0.42981670
0.95299769
0.07077998
-0.31053496
0.69203846
-0.83074735
-0.33098589
-0.22694670
-0.04446818
-0.45466044
-0.34471476
0.02342339
0.71915019
-0.60774834
1.41430488
-0.08970965
-0.78741008
-0.13582481
1.19764838
-0.32856274
0.33738799
-0.29524061
-0.24571941
0.08384902
1.09318816
-0.40787887
-0.26128758
-0.27969067
0.57081171
-0.04687570
0.58020578
0.71028810
-0.38371371
0.74834767
0.66772314
0.34726960
0.76400728
-0.08965786
-0.03103779
0.32265993
0.02351839
-0.11965756
-0.06607750
-2.03488876
-0.63875927
-0.33627830
-0.13047470
-0.08466139
0.21836960
0.61180214
0.98781466
-0.03505678
-0.00828746
0.05019662
1.65175081
-0.68088190
-0.16852726
-1.73863212
-0.41184644
0.40483449
-1.23065602
-0.59098954
1.14834032
1.37153908
-1.08921055
1.42192801
-0.25685228
0.20503066
-0.15459017
0.00305403
-0.18550007
-3.89068491
0.08046525
0.02848179
0.31429010
-0.50916716
0.91609712
0.51963824
1.12610147
0.12668652
0.15785515
0.14543058
-0.79217357
0.91386984
0.24311616
-0.13999490
-0.32689280
0.97254814
-3.42938403
-0.32056952
-2.60812426
-0.28887745
-0.10136312
2.01922667
-0.08869949
-0.28097825
0.48455619
0.00359186
-0.37880279
-0.72101579
-0.46232315
-1.15966981
-0.07784285
0.88520536
0.39305167
1.99894610
-0.26651893
0.11332869
-0.01768267
-0.52122085
-1.74162017
0.27109320
-1.05952254
-0.35669049
0.00597068
-0.32423568
0.49361077
1.02898154
0.44026012
0.35095449
0.20332383
-0.51088034
-0.02147661
0.29411229
-0.21383648
0.03999175
0.05604764
0.53697845
0.13170763
-0.00529032
-1.60337255
-1.40444097
-1.17570194
-1.03530372
0.92056680
-0.00469998
1.23228507
-0.16962634
0.00600171
0.94390603
-0.18631287
-0.39776810
-0.59917958
0.12743711
-0.42078634
0.52848227
-1.18268927
0.16042089
0.11714982
0.20104664
0.03755824
1.97082671
-0.29555917
0.41700530
0.91627217
-0.41579100
-0.35108255
-1.90827280
-0.25365241
0.35204804
0.13268964
1.21464438
-0.00405706
0.17572802
-0.71749088
2.25795786
0.73452707
0.66608275
-0.28181269
3.55282929
-0.86132700
0.32630779
0.77219458
-1.02183195
0.67468719
0.01661570
-0.13312338
0.53119149
1.35374089
-0.69962020
1.39283215
-0.97704275
-2.40230086
-1.60476944
0.08038461
0.91528529
-0.49770929
-0.41480856
-0.22145442
-3.01262813
-0.47182195
-2.30190702
-0.76604497
-0.11411293
-0.00174926
-0.00924268
0.23055322
-3.50900392
-0.39043340
0.51601976
-0.26927937
0.00047980
-1.22574377
0.09782169
-0.00108141
2.16348201
-0.04521788
-0.00819895
-0.13846673
-0.16119226
-1.01191043
1.36799374
-0.02942566
1.07300884
0.10400560
-0.06588477
0.08744743
0.00961083
-2.35739593
0.17784381
0.09754319
1.23601499
0.30109729
0.32689374
0.01721266
-0.01047061
-0.23091664
0.55634767
0.07542317
1.59108441
0.37486091
0.17829445
0.84389781
0.89029264
-0.36381868
-0.31992629
1.23827277
0.49547066
-0.44691966
0.02448303
-0.33541716
1.42085437
-0.40214699
0.50252516
1.24088010
-0.01764010
0.10392454
1.53480146
0.47597297
-1.28620668
-0.19140278
-0.35164857
-0.33741109
0.15571479
0.87803560
-0.20156548
-0.26608858
-0.01447637
0.10949777
0.45827606
-3.00174926
0.46729434
0.99702330
-3.09215599
-0.31391682
-0.27036654
1.23291451
0.01508220
-0.78342570
-1.05611474
-0.09839492
0.04595971
0.47255098
0.87199230
0.48174409
-0.35344561
0.60803343
-0.08169896
0.01435603
2.79623295
0.30108670
0.47230320
0.12002279
-0.01309216
-0.35518468
0.01701213
-0.47459929
0.34824682
-0.26832212
-2.50991593
1.46086197
-0.08077431
-0.30418418
-1.07899491
0.00644489
0.48207131
-0.08836799
-1.08386041
0.60147546
0.03085494
-0.60983771
-1.65838567
0.05321448
-0.79773647
-0.13568613
0.34139080
-0.07792839
0.18321088
-0.41918493
0.59842586
-0.06446101
-1.20459895
-0.09632372
0.89559963
1.17085682
1.56826429
0.03748290
1.84439018
0.95716044
-0.28946063
0.33697453
-1.18314784
0.51236831
-0.29337279
0.12049570
-2.36287022
-0.41850235
-1.29899068
-0.74508109
-1.16769197
0.83260631
-0.26111965
-1.03110266
-0.30960839
-1.09887746
-0.36605394
-0.03604431
1.18416370
-0.38209759
-0.41741163
-0.03139978
0.19933362
0.04966065
-0.11038047
-1.48511634
-0.63963632
-4.49947181
-0.28920683
1.40197815
-0.00873460
0.62281845
-0.25398401
-1.32665350
0.63058684
-1.52156771
-0.45404678
0.24304628
0.45004995
-0.01050828
-1.08226925
-1.01274624
0.31515958
-0.02496456
0.34633777
-0.00000969
-0.21936070
-0.58723175
0.94121441
-0.07387676
-0.66044124
0.00174468
-0.58841694
-0.35630139
0.69605676
0.12409429
-0.10203520
0.02447123
0.89424714
0.61226687
-0.42640787
1.38215281
-0.18859267
0.08445849
0.09926978
1.86345011
-0.32342320
-0.26231255
0.17243253
0.71841704
-0.30113004
-0.16812586
-0.30085088
-0.25105210
-0.12223555
-0.45900288
-0.32950886
-1.35093066
0.09496655
-0.46914921
-0.31699518
-0.30891585
-0.79244674
-0.40607676
-1.13564599
1.27277839
0.28376592
0.20739390
-0.35714751
0.60301835
-0.36152765
1.30550541
-0.13237460
1.04918925
0.82212243
1.15583127
0.15656327
-0.37247158
0.14333215
0.78925315
0.28780576
-0.35896495
0.53766668
-0.20109425
0.10984948
0.36711923
-0.86216276
-3.34467519
-1.19657934
-0.22574446
-1.51788434
0.16479795
-0.40500033
0.32641221
-0.40733458
-0.30441909
-0.41534555
-0.56238654
-2.14190446
-1.17574198
-0.04018455
-0.88724272
-0.68461591
0.36355786
-1.56947338
0.06830326
0.28390039
-0.28352570
-0.00559920
0.16911600
-0.31284643
0.13934446
-0.07882042
0.45034092
-0.12376761
-0.38758894
-0.52076634
0.07986191
0.03671736
-0.39300481
-0.33930064
-0.50446988
-0.38645647
0.03611052
-9.29776667
-0.68152811
0.05042925
0.81789957
-0.05958206
0.31034026
-1.60437194
0.70251122
1.07127903
1.19333691
1.77963682
1.55025177
3.11586923
-0.13557892
1.19462105
0.93993865
0.32102782
1.95078763
1.16689352
2.03871207
0.70134371
3.24184769
0.38978002
0.04066543
0.24936849
1.27542555
2.36709011
0.59564173
0.57885448
0.30670811
1.46528713
-0.39280469
0.76188197
0.62755634
0.69522382
2.00102189
0.29522642
0.66887262
1.54014220
2.15916666
1.24665384
0.92486879
0.22423409
0.47876402
2.18254862
1.13544594
0.60788332
0.81585213
0.72463554
-0.13996233
1.35129750
1.29498946
-0.06399252
0.53359345
0.59530931
1.03394833
1.43276363
2.15556710
1.66077476
1.09140875
0.71664776
0.81879304
1.42427209
0.86278266
0.31855711
0.83592626
1.65739891
1.06995591
1.96249306
1.22961037
1.24716859
1.69142397
1.23756604
0.82273445
2.12449680
0.48728362
1.70658332
0.60232668
0.53697845
0.36091221
4.51030502
2.44991895
0.44226216
0.62304192
3.91790800
1.28010137
0.11497674
0.59770841
0.68973561
1.52834581
0.89954142
1.34315227
-0.49821817
1.67783963
0.33007820
0.00053143
-0.43541423
-1.54400508
-0.02173113
-0.21616668
0.38442433
-0.06150115
-3.98423109
0.09004119
0.75078878
0.34712757
0.09926713
0.18583690
0.64841229
0.22159307
0.06058192
-0.23128871
-0.83234838
-2.16570743
-0.55922549
-0.54355701
-0.01136684
0.00643477
1.63999072
-0.25212313
0.03648465
-0.00197454
2.20981909
2.86991869
0.97603691
2.02859561
2.53920436
0.22593586
0.88631114
1.12649768
2.60098210
0.64251081
0.56420268
1.00927791
-0.13444088
1.57289748
1.76854578
1.05566443
-0.39186671
0.46373365
2.54637522
-0.17162080
1.41714678
-0.20391487
-0.04007911
-1.10442321
-0.38612724
1.27719814
0.64278447
0.47116132
-1.35672973
-0.05266167
-0.11608860
2.47066429
-0.32884503
-2.18545830
0.68030126
0.02312660
1.15137272
-0.55048920
-1.19039137
-1.12972332
0.07929872
0.22933403
0.00566676
-0.57699128
1.16877493
0.14594745
1.45582823
-0.57159323
-0.69909534
-3.63068551
0.56280049
-0.60804469
-0.25728060
-0.14527913
-0.42392151
0.00236547
0.27571987
0.86578181
0.39792645
-0.01087868
-0.25456611
0.01434541
-0.39187733
0.97522622
1.26574515
-0.32769890
-0.11768443
0.44005468
-0.13423764
1.14701498
1.11760803
-0.26982151
0.17650823
-2.02698621
-0.29783660
-0.06480607
2.57390183
-0.36463198
-0.14711884
0.08278045
-0.18913339
0.27665429
-0.21423335
-0.13015836
-0.86343443
0.06713781
0.33038476
0.52722942
0.02921746
0.26725158
-0.67358953
-1.19200115
-0.34574488
0.13531161
-2.00621935
-0.03647381
-0.41125055
-0.13878774
-0.56641192
0.43684063
-0.00874667
-0.97507244
0.68745328
-0.66501760
-0.03206706
0.20316358
-0.40522293
1.41499772
-0.32951803
1.71121950
0.01624879
-0.62877161
-0.21367900
-0.39866065
0.67963303
0.06125579
-1.03309465
-2.61577618
-0.36522483
-0.17355748
-1.57205106
-0.90715975
0.14365451
-0.01108164
-2.52599991
0.00312229
-0.87252589
-0.22190782
0.43065658
0.73596043
-0.39662679
-0.05547874
0.26870822
-0.74199702
-0.33575528
-0.33220299
0.08833065
1.11575072
-0.01543408
-0.57260642
0.69733500
-0.21550925
-0.10097483
-1.36165313
-0.24868723
-1.17325858
-1.40100633
-0.33118256
-1.98520252
0.01353885
-0.39737542
0.01408830
-0.07782339
0.38328236
1.64973345
-0.47482621
-2.02373845
-0.20694560
-0.08121630
-0.01158869
-0.06004619
0.40216343
0.02317544
0.09311704
0.00572935
-0.65624570
-0.00161088
0.89842443
2.07972202
0.20258749
1.94328179
0.16208595
0.78215874
0.87296775
0.16383711
-0.14244994
-0.30721680
0.84827649
0.10745235
0.76245109
2.36344390
1.06347540
1.21178338
-0.14186327
0.63203531
0.98185565
1.05910559
-0.10186984
1.59786835
0.12061311
1.16377530
2.40693340
0.74161182
1.29159660
1.59551123
1.11519756
-0.14186327
1.77339883
-0.37146021
0.95753091
1.75395635
1.56640510
2.11473727
4.02920814
0.72550020
1.84937905
3.01475545
0.05193746
1.44593861
0.49383983
0.46535860
1.64410863
2.46660920
2.23149665
1.33199491
1.11097331
2.14949206
1.29437843
1.26655747
2.88594390
1.28828558
0.60181833
0.79692894
1.47502626
0.19541900
0.23970036
0.21426740
2.88435807
2.47777865
0.44926678
-0.43485131
0.92481574
0.05196440
0.04000499
1.95148822
1.03146809
1.80475722
1.04310046
0.94532501
-0.06664914
1.60941926
0.41290449
1.42693471
0.43425410
0.94802125
4.61746611
-0.30642208
-0.01615648
-0.03993893
-0.30961824
1.27290428
-0.11332971
-0.11829939
0.59072020
1.23867856
0.64510362
1.61233069
1.20630238
-0.56633255
0.20276509
0.34590847
0.87375936
0.41845849
-0.96608043
0.18409124
-1.32399740
-0.18700353
0.02275556
0.04482700
-0.43353142
1.82523911
0.45331351
0.08489635
-0.22920817
-0.77202995
0.17211772
-0.23483146
0.43983835
0.25617581
-0.30887566
-2.08456526
0.13538996
-0.20044840
-0.34695824
-1.23587937
3.25330464
-0.22384831
-1.67768970
-0.45997027
0.10245395
-0.32045254
0.20731862
0.00946613
0.71748561
0.62249046
1.09187894
-0.34680518
1.54824422
0.75676651
0.51406469
0.62275228
-0.01273205
-0.60535424
-0.35121216
2.09712679
0.12107660
1.41770850
-1.39201516
-0.05478948
-2.08034743
-0.29073370
-1.10484881
0.92274981
0.27017503
-0.06822562
-1.02300503
1.70962581
0.03224091
0.57584420
0.01687796
-0.49378695
-1.57561864
-0.06074136
1.33800718
-0.11804786
-0.31250071
0.57323045
-0.77435559
0.47705645
-1.27783301
-0.13977931
0.10391828
1.29208121
-0.02877423
-0.12487134
0.66927021
1.75412113
0.12654104
1.42922508
-0.81446952
-0.05763069
-0.28646206
0.17275802
-0.29026261
0.78534956
-0.13173441
0.37775832
-0.32262679
-1.85418816
0.32777051
-0.09302142
0.10191367
-0.45259424
0.74772764
-2.23651132
0.12025440
0.00217065
-0.33425708
-0.62594496
1.05471730
-0.31009473
-0.30788680
0.00518058
0.51096226
-0.30256449
-0.30578855
-0.26864494
-0.20727887
-0.34143284
-0.37901492
0.54051422
0.62143406
-1.01532229
-0.23524602
-0.50569239
1.01295325
-2.07645512
1.20606799
-0.01586745
-0.14151582
-0.95069759
0.01061651
0.38233188
1.09757490
-1.62741427
-0.08166966
0.59087610
-0.02825249
2.53125384
-0.27977768
-0.47743142
-0.31012270
-0.91909842
0.59923823
0.22519667
1.23676122
0.28136585
-0.79729192
0.59112197
0.13032662
0.80112144
-0.34879661
1.09336273
2.10046458
-0.18723648
0.38328236
0.55823707
-4.58012340
1.33998437
0.72062001
-9.10235053
-1.25333208
0.68815759
-0.59543929
-1.54679203
0.14507029
-0.67612890
-1.54969349
-0.19030529
-0.63352492
-0.45246611
-0.30917110
0.51315372
2.44959017
0.12546793
0.70431647
1.15540455
0.03849823
0.26537349
-0.93958140
0.03553072
1.38112618
-1.28820438
1.60329962
0.51582160
-0.16235926
-0.06124282
-1.61931148
0.82951371
0.16487512
-1.45248866
-0.89757221
1.77766540
0.51582136
1.04733869
-0.35505718
0.02041292
0.19429553
-3.69265975
-0.28129083
-0.17214065
4.39527821
2.69249736
2.62656525
2.92312286
2.07956665
1.21780378
1.84968163
2.20201281
1.39631508
2.55336020
-1.39411212
1.55918472
0.15130691
2.00896360
2.01768477
2.26086161
2.20247287
2.43260880
0.22424388
1.65871214
1.31652790
1.31351738
1.19901802
0.20202494
0.18741898
0.17595357
2.02903418
0.44618151
0.16895418
0.18951965
0.25694971
0.23797570
0.28253960
1.25200194
-0.85009817
-0.31682343
-0.04917929
2.87086006
1.47455873
1.62785150
0.61320219
1.18523485
-0.28997042
-0.67361389
0.32697376
0.01396521
-0.09236977
-0.78756483
-1.59019038
1.59897816
-0.22027426
0.23184528
-0.27186954
-1.03741853
0.59304514
0.18891011
0.08861178
-0.29380496
-0.12122936
-0.38323422
-0.31769456
-0.01326157
-2.92928860
-0.55318749
-0.05930364
-0.22914527
-0.92681738
-0.09501819
-0.27840273
1.04280130
-0.12758721
-0.31344920
1.77200145
0.80579991
1.12982059
1.36413301
0.53790397
1.11013788
-0.24272465
0.00032322
0.01575401
0.04494337
0.11000588
1.57761766
1.10025570
-2.16873587
0.68068090
-0.00066810
-0.61886434
0.18378648
0.77524683
0.75468398
0.23310921
-0.02690919
-0.00005184
-0.30425279
-0.09224309
-0.00453513
0.08608113
-0.16397200
0.52443515
-0.30628281
-0.30788680
-0.32970578
-0.13880468
0.22793247
1.65726600
0.05322021
2.02279847
0.04081206
1.38000488
-0.12511603
-0.17206974
0.66573470
-0.20818904
0.97188213
0.14915302
-3.88939030
1.52837503
-0.23915107
-2.34268576
0.87367871
0.87455457
-0.30766209
-0.33420942
-0.11378120
0.58803887
-0.12174620
1.09015816
0.79990677
0.51533325
0.30871532
-1.65258479
0.12056676
0.04379782
0.09075458
-0.43739015
0.52145162
2.20671299
-0.12025981
-2.54866646
0.97608530
0.86129546
1.28957164
0.61213068
-0.12636003
1.35981463
-0.25545536
0.41757414
0.37320491
-0.55264752
-0.14013254
0.43740417
-0.15401042
-0.64526557
-0.36004394
0.27485002
-2.32412000
-0.08565221
0.05724879
0.09712969
-2.67507159
-0.10766113
-1.03137128
-0.33939743
0.62624263
-0.14123997
0.55193452
1.24397805
0.25793900
0.50330822
-1.76941549
-0.06437321
0.58693298
-0.16569076
-0.90786939
0.59533434
-1.26635413
0.26811282
-0.56916490
-0.94562422
1.13884731
0.16940856
0.01974516
0.05499462
-0.24412138
0.13142567
0.55665841
-0.17830322
1.14494077
1.08931858
-0.63696130
-0.02189000
-0.72965450
-0.17071509
-0.80801712
0.26011710
0.81119475
-1.13604237
0.12225293
0.91051893
-0.15003137
1.75751179
-0.40830263
-0.09484964
0.36588986
0.65575461
0.05282777
1.79313560
-0.21900696
0.22544969
-0.04159233
0.16164860
0.03656700
0.47374401
-0.33409821
0.11426599
0.37535802
0.13628904
-0.19736303
-0.62703158
-0.01836298
-0.24671817
-0.37311912
0.96435738
-0.12364963
0.93301892
-0.37585319
-0.51240947
0.04850925
0.41170537
0.00048675
0.45603601
0.29153762
0.64151697
0.88612254
0.01297769
0.81852591
0.81699127
0.26405639
0.30822325
0.35988942
-0.47753714
0.61597432
0.48786676
0.42364779
1.19841572
0.49010788
1.05793755
-0.30442153
0.25190513
0.05082553
0.00463102
-0.16085430
-0.99302269
0.13332519
0.14851802
0.31161467
0.25533273
0.99198246
1.30224041
0.01462389
1.15684205
0.10041903
0.17546142
0.97504934
0.25541956
-0.01939581
0.93330889
0.21742661
0.26575624
0.96575977
1.32872169
1.49187582
2.38975279
1.33797758
-0.00596270
0.96329051
0.06020962
0.88690665
1.54269992
0.22206887
0.05768529
0.82857951
-0.72266597
-0.58881299
-1.19369182
1.71127593
-0.10892059
-0.78828770
0.31887681
-0.26637961
0.01529827
0.03285330
0.17768372
0.19072821
-0.64320187
-0.30939943
-0.04113022
-0.00386263
0.03736011
-0.17704091
-0.28542291
-0.01947405
0.07655866
-0.81384162
0.06628550
0.00922329
-0.22000596
-1.33954105
-0.34974681
-0.50065293
-0.00023047
-0.36092262
0.04477073
0.10302661
0.19806306
0.10150116
0.21337813
-0.11620617
0.00488961
0.34950350
0.04024626
1.72743293
0.63407897
-0.30664045
0.32655292
0.80735663
0.03413063
1.75615697
0.06029922
-0.06632262
0.52586834
0.61145588
0.06906772
1.25492272
0.17613991
0.09765766
-0.84230237
-0.60257226
-0.15961348
-0.14494789
2.21216386
-1.81671466
-1.06634106
-0.40432159
0.12974680
-0.10419372
0.03918637
-2.69111815
-1.51326415
-0.38057932
0.29798733
0.10687504
-0.19647631
-0.16594226
-0.68159932
0.11763774
-0.06357262
-0.03933210
-3.51515755
1.81858778
0.96025141
0.89336177
0.00318657
-0.49637405
-1.57466648
0.54064689
0.00164238
-0.28149025
-0.40791778
-0.94470784
-0.21669664
0.00401399
-0.67814130
-0.27469942
0.02773228
1.77380319
0.76668044
0.25259428
1.32831311
-0.55071151
-0.29190627
0.34445298
-0.56256092
0.86646882
1.86360906
-0.47661284
-0.66992510
0.41115683
-3.13518402
0.48590287
-0.02248447
-0.14473421
-0.31614477
0.92274402
-0.94855044
0.08925706
0.24806185
-1.20690228
0.65876751
-0.74897305
-0.24848564
0.22379962
0.18170145
-0.28405037
-0.63212433
-0.02564396
-0.33668766
-1.07004722
0.69451176
-1.00690324
0.06714046
-0.32627266
-0.40809059
-0.01497591
-1.08869643
-1.15220169
-0.33528107
-1.60527466
-0.14332660
-0.06694397
-0.36904712
-0.17649873
0.31142963
1.43687685
-0.99756092
0.18865847
0.07337194
0.92553388
-0.17442764
0.04975090
-0.09556389
-1.37858529
-0.27817309
1.96322121
0.82501781
-0.22644529
-1.09543150
0.09964963
1.53121526
0.65067053
0.22132029
-1.00454839
0.07986393
-0.74980977
0.29350279
-0.67280231
0.38781576
0.13342592
0.21912824
-0.09930807
1.58822691
-1.14794634
-0.54609424
-0.37891698
-0.41428751
-0.34517438
0.75132634
-0.21077507
-0.34531232
-2.08672289
1.46228689
-0.16461391
-0.77939153
0.15482546
0.57223934
-0.00126068
-2.32990471
-0.07721317
0.39171972
-1.19018094
-0.30671350
3.48346466
1.35084453
0.29495356
0.04348855
1.50038760
0.21576024
2.69551600
0.69874318
0.13260741
1.55465160
1.02920118
1.87730535
0.53542762
2.58561525
0.65723646
2.07716246
0.15431680
0.44023571
-0.03720441
0.88227558
0.21842060
1.71465300
0.49673088
1.29887398
0.81766541
1.08731285
0.05774367
1.74558550
0.33125964
0.24635445
1.12098386
0.39464159
0.92525418
0.73040000
0.95350863
-0.11696066
0.29367936
0.61511186
-0.02190663
0.22625598
0.87720368
3.19814997
0.13491218
1.78882056
1.43488069
0.55927600
0.79779442
0.06371913
0.48636183
1.20623488
0.81482773
0.39143280
2.89078740
1.12457196
1.43898986
1.84655173
0.74079269
0.66716878
0.65694669
0.09223838
0.31978354
-0.27486863
1.22839038
2.37131645
0.65530008
1.31194476
-0.44728335
0.85936167
0.18297207
-1.27181311
-0.08792254
-2.56112109
2.67808434
-0.25358495
0.20603836
-0.34065335
0.62544957
-0.18721586
0.16798983
0.34583122
-0.23167898
1.42751105
-0.23931540
0.75196057
-0.40391394
1.06376188
3.01325052
0.05107217
-0.10500861
0.52172432
-0.24512044
0.01361927
-0.42158998
-0.06783643
-0.10598489
0.11097888
0.43435619
2.08508175
0.46632645
0.15431680
1.39388563
1.76137473
0.44900445
0.89134473
0.57535817
1.41737282
-0.27735444
1.03443064
1.22088933
0.87856580
0.17403576
-0.21918900
-0.22141515
-0.38984942
-0.29870076
-0.62397410
-0.30326668
-1.07915636
-0.28959584
-0.18140134
-1.15401361
-0.13175295
1.33655822
-0.52248623
-0.88295387
0.00562846
0.00300742
-0.12733400
-1.08190114
-0.44107195
-0.22281911
-0.22014894
-0.09790426
0.73366605
0.32597749
0.09718544
1.56465481
-1.84513562
0.05998274
-1.81827642
0.28106199
-0.38809070
-0.47957074
-2.04429270
-0.66088961
2.28326574
0.10399507
0.10114693
0.23907579
-0.66583748
0.38555932
0.16929997
-0.30861614
0.87382801
0.16016467
0.16268839
-0.16807994
-0.78048510
-0.00533133
0.79483701
0.08566362
-0.29424442
-0.47430664
0.14063968
-0.23236957
-0.29152307
-0.30021366
0.89816319
-0.12855592
0.30799000
0.41986969
-0.00313803
-0.21659919
-2.29046467
-0.35469481
-0.00490603
-1.35719255
-0.27031120
0.23844440
-0.47466387
0.21593483
0.54238998
0.97548388
0.21347922
2.24426561
-0.44733701
1.02876373
-0.04057097
-0.13063405
-1.61152309
0.07402555
0.19361774
-2.03791121
0.33779518
-0.04039862
0.15845488
0.20406270
-0.04310023
-0.57118346
0.45769256
0.71286088
0.57197320
-0.19990398
0.58759551
-0.83791433
-1.13771077
0.47521941
-0.31688034
-2.18003811
-0.19617393
-0.60524314
-0.75922018
-0.38397490
0.70489505
0.44952675
-0.66787584
-0.13847894
0.06535455
0.59049100
-0.01262255
-0.10713162
0.24592541
-0.04521332
-0.37267891
-0.37291243
-0.50275045
-0.25216612
-0.09814862
0.21638051
0.57595008
0.31306581
0.37167866
-0.15929179
0.61356410
-0.00515875
-0.35975712
-1.46766304
-1.87296925
-0.93844277
-0.19329225
-0.02046105
-1.07910270
-3.23564863
-0.16747242
-0.18410345
0.31269588
-0.13290393
0.03287441
-0.00501660
0.06920814
-0.28855463
-0.12778943
0.23855697
0.35868384
0.16179358
-0.21737152
1.17832842
0.07334767
0.11085346
0.75659099
-0.00597144
-1.03226385
0.80313784
0.07759890
0.24723475
0.01833185
0.72554281
-0.71751721
0.14858287
1.08773626
0.50374838
-0.10121643
0.79580275
0.84002374
1.10753291
0.85273139
0.09436159
0.14256884
1.52869187
0.46809070
-0.01728190
-0.10022302
-0.05307692
0.44077712
1.17837942
-0.16922965
0.07434448
0.34277792
-0.13145287
0.09046413
-0.00275501
-0.37256820
0.56701463
-0.08867062
-0.07721943
0.24366972
1.67961592
0.32949137
0.33697511
-0.06368471
0.45630812
0.33540961
3.57144730
1.03090100
2.14546093
1.22934867
0.34429125
0.28935928
0.03726346
0.50022784
1.03880939
0.31051391
-0.30647025
-0.34689082
0.69809981
-0.38304200
0.03494197
-1.09715474
2.37960783
-2.13009368
2.44701616
1.73625078
0.44463074
-0.40919297
2.05261244
-0.17373214
2.20479181
-0.11912084
1.30678471
0.00353553
-0.51825212
-0.07031415
-0.13224215
-0.15744074
1.05622045
0.32572500
-1.17707962
0.21433142
0.33488631
0.52820323
1.03730345
0.51155855
0.75382335
-0.39071934
-0.01532819
1.60957644
-0.16581214
0.25030375
-1.11213990
-0.07179047
-0.36320848
0.63233871
-0.39789391
0.15080443
-1.93325896
1.67180268
0.17611431
1.02757699
0.16789660
0.26560660
-0.05641005
0.65584010
0.94965859
0.23252431
0.51791681
1.37247888
-0.73929798
0.71560800
0.17905583
-1.15811572
1.55645106
0.35950383
0.25626870
0.63510850
0.38513455
0.54211043
2.11071377
0.58876736
1.47517065
0.23204538
1.91576934
0.07436312
-0.97708854
0.47836086
0.72342376
0.55500324
-0.07474201
4.67227356
0.35260246
-0.23587718
-0.00029867
-0.93768725
0.28728498
-1.44138166
0.58581642
-0.27164131
0.19088753
-0.29698766
-0.26424966
-0.01525532
-0.17882825
-0.64225718
-1.17655021
0.08520958
-0.46234339
1.85905610
-0.29099422
0.75283017
0.43232448
0.61065118
-0.30367147
-0.31446554
-1.25017297
-0.19162562
-0.02631468
-0.53372784
-0.29529910
-0.34475960
-0.52188934
0.32416036
0.42062836
-0.23568850
-0.35168045
0.69398386
-0.67835629
-0.42351832
0.89785592
-0.14967907
0.53006739
0.78020746
0.24182501
0.33940151
0.62736933
0.81811900
-0.39043241
-0.09625363
-1.18487720
0.98812886
0.16803169
0.66060266
0.26997923
-0.22338461
-0.09274635
1.58235912
-0.17136446
0.09145702
-1.55520087
0.03045823
-0.14767674
0.45668678
-0.32540914
-0.35977536
0.57093938
0.24527042
-1.38131339
-0.02664939
-0.31521335
0.41144053
1.39235207
-0.12694636
-4.45734271
0.08948332
-0.23251990
-0.72582456
0.56084806
0.36891810
2.15098651
-0.03564615
0.73065568
-0.27958353
0.73504323
-0.10146732
1.62508774
-0.02307025
-0.30961245
1.72157970
0.25453880
-1.50762026
0.90414821
-0.34780159
-1.62875797
-0.95063964
-2.62253931
-0.31754268
1.49736285
-0.28409389
-0.01365863
-1.91311144
-2.44109696
-0.31397014
0.66761743
0.14735086
0.28140872
-0.79104965
-0.01849797
-1.78569626
-0.15825020
-0.31787130
0.95190424
0.70592701
0.00205247
1.31162432
-0.33420160
-0.08574789
-3.24205276
-0.42429584
-0.26476191
-1.47894638
-0.33898881
0.10645151
-0.16123438
-0.31827481
-0.13022884
0.14024758
-0.53041149
0.22680488
0.35919556
0.97419807
-0.31191351
-0.70294470
-0.04526462
2.41911126
-0.02247048
0.01185531
-0.45029253
-0.33912339
-1.11491461
1.04853852
0.22781798
0.27242921
-0.17037217
-0.37059519
-0.28976933
-0.21806258
0.66279625
-0.28719678
0.10111632
-0.03308576
1.51197805
-0.22062510
0.03998580
-1.98998723
-0.02306725
-0.63519287
-0.01079828
0.00932993
-0.05957118
-0.00912378
-3.99194512
-0.15769300
-0.26337688
-0.06987007
-0.45553376
-1.20890284
-0.15961391
0.30186970
-0.64006971
-0.55323909
-0.14768794
0.72983065
-0.92252571
-0.36009178
-1.37087131
-0.23365931
-0.13215091
0.06679235
-0.03844021
-0.16670314
0.03835813
-0.11530835
-0.10138875
0.98425492
-1.28744205
-0.31940918
0.16414588
-0.28474716
-0.17176973
-1.22523843
0.42523044
-0.26463768
0.16946524
1.83205755
0.75610341
-1.82587893
-0.13093945
1.21816799
0.34573694
-0.29656358
2.60332893
0.65857863
-0.71259368
0.19322608
1.61692814
1.06964497
0.18402395
-0.45146188
0.31884167
0.94085733
2.95716550
0.52993088
1.82728849
0.71470181
0.25218695
1.20569394
2.50704341
1.11506749
0.36381451
0.67896291
0.61335414
1.27092575
0.66540200
0.52620568
0.05923207
-2.69908310
1.50091318
2.41850919
0.94436955
0.82156953
1.02609944
-0.30277213
-0.21639883
1.38879244
0.19083639
-0.20571363
2.03429728
1.44168667
1.67655998
0.75384144
0.09536788
1.20070467
-0.32557130
2.14178787
0.14113253
1.00674193
0.75430679
0.49387234
-0.14513106
0.17660241
-0.39584952
-0.31196896
-1.81652764
0.24939356
-0.13957970
-0.04329081
0.39427647
-0.52627642
-0.68081102
0.23781048
0.02908608
0.45238750
0.01711744
-0.04255166
-0.22602096
0.20268475
1.26003633
-0.75271124
-0.30330209
-1.67019472
0.14200963
-0.32765049
-0.00406046
-0.02576849
0.52163929
-0.00052772
-0.07906428
-0.34307709
1.34821305
0.01715924
2.80586580
1.14684834
2.24349031
1.95580744
-0.06602863
1.55134760
-0.55508214
-1.66076588
1.16563227
0.92462173
0.96676630
0.33649233
0.39703639
1.07447286
-0.20837320
1.16150054
-0.20683952
0.00421878
0.70242186
-2.00574621
-0.04660101
0.20747334
0.32829384
0.51582660
-0.09528359
0.23138542
-0.09107988
-0.01915838
-0.01996710
-0.32688696
0.13454429
-0.52731204
-2.38489569
-0.39103625
-0.26656010
-1.26637596
0.23553168
0.22815843
-0.49816394
0.41502257
-0.25286147
-1.01185062
0.23586599
0.97920495
-1.80900211
-0.29639399
0.34143125
0.08075547
-0.40190674
0.37089358
-0.35515562
1.51996964
-0.49719439
1.84208642
-0.17522502
0.01015103
0.62958584
-0.26026887
-0.33540635
-0.30516021
-0.29768731
-0.04483580
-0.16700133
-0.35321835
-0.10708369
-0.17526682
3.01518404
-0.53853691
0.61315897
0.04190718
-0.49238873
-0.14802169
-0.31119487
-0.28911333
1.06517387
0.06360655
0.73137638
-0.13864037
-0.01080775
-1.63703562
0.30270470
-1.37352752
0.65471116
0.13975190
0.30379579
0.05766760
-0.50335477
1.19509015
-0.49335877
-0.66199026
-0.83996005
0.07956510
-0.17006913
0.53242571
-0.33305101
-0.31919165
-0.28009083
1.83130801
-0.29075512
-1.86347050
0.29408187
-0.23442866
-0.32227104
1.70327739
-0.01091223
-2.90788280
-0.20066528
0.00205247
3.05934687
1.99250076
1.37552469
-0.49294134
-0.49035933
0.74696854
-0.40972088
0.23861273
0.37977492
-0.73874671
-0.51169485
2.37107042
-0.32031943
0.24785099
-0.79280277
1.46208865
0.75475255
-0.39149718
0.36438765
1.57051459
1.71739769
-0.09677065
-0.15361379
-0.06835902
-0.31773850
0.45847655
-0.10054559
0.01381049
0.14671428
-0.30604728
-0.34072571
0.64610495
-0.38794009
0.82862121
0.00892797
-1.64740905
2.11641451
-0.04818116
-0.02040202
-0.28761343
-0.06809992
-1.32539559
0.25906924
-1.58013213
1.50959426
0.97367541
0.19313491
0.00057012
1.92033427
1.71533605
-0.32483819
0.86580623
-0.62499266
-0.54050981
0.20995648
0.15466372
-0.35402639
-0.58357418
-1.01759607
1.39235207
0.29589637
0.32303979
1.13208565
0.09634827
0.46779489
-0.18264885
-0.16103250
-0.53325214
0.38123794
0.10041020
-0.41312645
0.51478230
0.00133654
-0.32075444
0.17702739
-0.00386939
1.38762632
0.03980436
-0.11542825
0.79709515
0.39917923
-0.44799916
-0.11101584
2.35637448
-8.20170033
1.67723189
-0.56063286
1.27568747
1.84809021
0.60639820
-0.69957979
-0.58853463
-0.31520884
1.00537023
-0.10695660
-0.06925371
-0.50185628
-1.74494607
-0.04884466
-0.22415713
0.83302295
-0.81678872
-0.06574135
-0.90179868
-0.19920278
-0.44074477
-0.31248110
-0.22055066
0.04370520
1.37377251
1.00513435
-0.15668752
-0.46407207
-0.02045442
-0.18929538
-0.24546762
0.36411663
-0.42742421
0.12166543
0.31133884
-0.37079768
-0.18221825
0.05605955
2.69524623
-0.50168604
-0.38848250
0.76666363
0.02480601
-0.06832080
2.03969100
-0.30362352
-0.93703404
-2.68433153
-0.23658190
-2.26411093
0.02593243
-0.30766269
-0.63323601
0.06438566
-0.00470869
0.37774645
0.32657036
-0.40032337
-0.32439831
0.61483741
-0.83727088
-0.12799678
-0.04845392
0.70967563
-0.43967251
0.33909161
-0.03293332
0.48529949
-0.00120081
-0.33195676
0.33916923
-0.48830181
1.23575926
0.46117677
-0.31785141
1.20002137
-0.13617238
-0.31423014
1.38000488
-2.05784901
-0.29987391
-0.16917725
0.01847750
-0.35242262
-0.29540079
-1.39709095
-0.16005017
0.16044369
0.66581701
-0.42164872
0.66096982
-1.34330012
-0.22046487
0.91070278
0.02789504
0.70796477
-0.28413510
2.28515513
0.23829626
-0.05039369
-2.34670592
-0.07538364
-3.43298511
-0.07785948
-0.28609524
1.50765206
-1.81312436
-0.06618621
-0.01849532
-0.28678296
-1.31211061
-0.41761471
4.80111714
0.83537973
-1.50958562
0.27520805
-0.44814058
-0.43798493
-0.26831041
-0.24804553
3.15175250
0.99184417
-0.63701071
-0.40683956
0.00087609
-0.12703548
0.78935757
0.53339720
-0.24952602
0.82180334
0.36382152
-1.70561910
-1.06136732
-0.54216976
-1.28155229
-0.35181765
0.39424922
0.38837214
1.31525106
-0.14426821
-0.29411882
2.24881845
0.12067628
-0.73602974
-0.08143977
0.26873154
-2.99641003
1.34934157
0.88764991
-0.08987290
-0.26388985
-2.23319106
-1.73717855
1.28422795
-0.06300396
0.42727375
-0.02779928
0.25515182
0.12431428
0.06511672
-0.08912094
-0.18926795
0.67684254
-0.31877386
-0.31813954
0.05850885
-1.24232897
-0.42283906
-0.69874555
1.60223578
0.06944240
-1.94644279
0.68190684
-0.06360688
0.53459234
0.04398951
-0.40485323
-0.97536345
0.99853239
-0.13025336
0.17501363
-0.25199695
-0.42448714
-0.16548174
-0.98868449
1.58425053
0.81575490
0.05837733
-0.64903337
-0.41427248
0.99189630
0.07877743
0.81178915
-0.60840960
-0.30727033
-0.34058548
-0.57392616
0.43095930
-0.04528913
-0.25567397
-1.05908050
-1.20469689
0.35163125
0.04871278
0.83010639
1.70679916
-0.31539284
-0.33045469
1.23397420
0.12194920
-0.24734119
-0.16868937
-1.65465067
-0.01301598
-0.51474397
1.46928347
-0.31478552
0.01164174
-0.30655208
-0.12758721
-0.35427933
1.67777194
1.43784757
-0.28202464
-1.31795300
-0.72403015
-1.75010108
-2.38825789
-0.35406212
-0.77457524
-0.39874661
-0.41722428
0.30777584
-0.32931697
0.55282384
-0.27855934
-0.64819528
-0.33215765
0.84158102
-0.03787510
-0.40670302
0.71844309
0.45269533
-0.73822766
0.10322723
-0.36634117
0.68011580
1.12717818
-0.82374561
-0.65988885
0.22143010
-0.33393479
-0.18779370
0.61939166
-0.56620355
-0.41089312
1.21869835
0.01918835
1.37597440
-0.84096708
0.56265774
-0.30865249
-0.05326708
1.40228714
-0.59940423
1.90901418
-1.33834476
-0.96727941
0.51594384
-1.11177683
0.48698464
-1.36464690
0.42192905
-0.97495258
-0.27115195
0.34265811
-0.23985134
-2.98351196
-0.26148451
0.94436955
-0.22255246
0.10070802
0.81625659
0.40296014
0.05323568
0.87576992
-0.27262223
0.59458877
-0.32981719
-0.24756921
-0.33072555
-0.28537356
-0.85266830
-2.68246734
-0.34780159
-0.12443297
0.27730971
-0.30686329
-0.69085393
-0.39507229
2.24347595
-0.13025454
0.85461829
0.06747893
-1.74185648
-1.14678389
-0.32610400
0.27670060
-0.13720998
-0.20086902
-0.34701975
1.71767545
-0.16468510
0.07054392
0.63347346
-0.85014228
2.11549652
0.71667425
-2.50702673
-0.34747736
-0.06255145
0.39401049
-2.25205135
1.14030649
1.59792539
0.14381410
0.67316302
-0.10202973
0.55336242
-0.49985427
0.91112441
0.05635065
-0.48040728
1.23601476
-0.78516857
0.12567116
-0.27003509
-0.25942321
-0.10822473
0.36765959
-2.85031012
0.55503711
0.13446690
-0.82828922
-0.33631986
1.07445537
-0.20597899
-5.14419008
0.24790661
0.23829626
1.98585433
-0.46883422
-0.25604340
-1.67783670
0.01295095
-0.41851861
1.02466346
-0.90549998
-0.70757611
0.87743595
1.19905116
-3.03698825
0.46395145
-0.10064601
0.05527906
-2.11862154
-0.04911865
1.11638121
0.97100846
0.18057164
0.86874009
-0.70012387
-0.22516164
-0.32013015
2.18810941
-0.37012076
-0.35536283
-0.41179197
-0.26462369
0.10296799
0.56222572
1.05023116
1.81858769
2.53484479
0.35748434
-1.20478298
-1.37545824
-0.21141566
-0.00044475
-0.42543542
0.72900661
-0.67855202
0.70092889
1.00261213
-0.28542750
-0.28190753
-0.15908014
0.42106616
1.03570030
2.21303761
-0.45616431
1.19535224
1.11909198
3.14301992
1.50906185
0.56888455
0.72237476
1.09898603
0.19106240
0.25264207
0.76137881
0.84882067
1.21971187
0.92015876
0.01964857
1.42424480
0.38335988
0.35022927
1.33987286
0.30915852
0.02613692
-0.26461584
1.24687142
-0.02716234
1.65079455
0.88790656
3.00017725
2.21781374
2.15165637
1.00024161
1.66969664
0.99632164
1.11439229
0.26711120
0.37982552
0.98871477
1.77566241
-0.02809796
0.18270046
1.20329930
0.73297351
0.04467367
1.50531136
2.68935638
0.60759553
0.58769926
0.62338725
-0.54833876
2.03742315
1.11657487
0.23380432
0.31487115
0.76870454
0.41776964
0.28186440
1.14361605
0.12403566
-0.55653563
-0.05724277
-0.14490561
-0.55540930
0.84375908
-0.09802733
0.04681322
-0.29388009
0.42606484
-0.67835629
0.13070747
-0.18795316
-0.05854144
0.06164069
0.61406909
-0.97571121
-0.00758430
-0.81913466
0.22048426
-0.00348833
0.96688795
0.16320939
-0.07117413
0.29381010
-1.23884776
-0.01735468
0.88549700
1.12340643
0.67754637
0.65910659
2.09367885
1.46675869
1.34707912
0.64909994
1.14186599
1.28846114
0.91373584
1.70731557
2.43683186
1.14162548
0.27020822
0.94116480
-0.25321816
0.72508576
1.63963601
0.77015077
0.95102838
-0.24656793
0.74986981
-0.48793945
0.79386335
0.10545407
-0.09780774
-0.35159193
1.33876500
-1.85127720
0.30404682
-0.19419089
0.16011708
0.41228664
-0.00840132
-0.52278729
-0.47534065
2.13691197
0.24893310
0.48119100
-1.35375571
0.00941817
0.50789921
0.09232815
1.07687683
0.93906559
0.31025814
0.40463821
0.46546112
-0.75422257
-0.04693339
-0.40178626
-0.11813182
0.00000000
0.41309130
0.88535054
-0.23882571
1.53117160
-0.31141771
1.50419472
0.49761799
-1.09851999
2.05295257
0.02227797
0.02176800
-0.21618634
0.07390748
-2.08225460
0.43632155
1.21536406
0.63784192
0.34569186
-0.00601644
-0.14054414
0.27769374
-0.09714087
0.06893791
1.04045835
0.01602114
-0.27223140
-1.04442559
0.00711422
0.45816148
0.14786602
0.35137957
0.17186955
0.02816528
0.04102903
-0.32311920
-0.14811518
-0.28948864
1.07300884
-0.11059346
0.17713021
0.40872843
-0.35218728
-1.00860684
-0.02206316
-0.01770248
0.02451737
-0.73036498
-0.73444904
-0.57811379
0.01939391
-2.23322082
2.73148000
0.00849178
0.19659154
0.49502042
0.02061913
-1.10000933
0.35168940
0.02876329
-0.00504886
-0.32306635
0.02340979
0.54739394
0.02439903
0.38151945
-0.16278575
0.39959702
1.50040061
-0.69874555
-0.02594850
0.21404640
0.77813829
-0.39644352
-0.30137819
0.15525514
-2.83065973
-1.25296603
-0.33326512
-0.45358028
-0.04449364
-0.06374188
-0.70913086
-0.26098884
-1.32543385
-1.57861599
-0.60502973
-0.13356084
-1.31800769
-0.00217369
-0.07754295
0.71282133
-0.64508051
-0.74239446
-1.79275356
-1.28871594
-0.12936502
-0.53861195
0.26345479
-0.33427206
0.32718140
-2.17261133
0.10884831
0.45162967
0.14248680
-0.02390823
-0.17274081
0.43591001
0.04935866
-0.79685074
0.04199339
-0.35784388
-0.60075666
0.49154199
2.47783320
-1.31130697
-0.52977635
0.28445383
0.75528909
1.16876034
-0.12200740
0.09451066
0.20453458
-0.25200512
1.38363035
0.05505460
-0.00850095
0.61792996
0.53355154
0.87882840
0.88909629
-0.21199314
0.01853562
0.12388522
1.20906623
1.34606585
1.63862591
1.14345059
0.04540179
-0.00914103
-0.26120023
-0.18024853
0.32724728
-0.17609995
-0.07041603
0.35370028
-0.24555274
-0.13839122
-0.44182772
-0.34491624
-0.10773027
-1.40000335
0.41476931
-0.34775228
1.09027917
-0.15410522
0.18840103
-1.91634612
-0.34456291
-0.57679111
-0.15738201
0.37707044
-0.65213272
-0.02286235
-5.07811830
0.08437537
-0.39115350
-0.26017421
-1.34148691
-0.10233072
-0.91940556
0.00100920
0.02612299
0.60089069
0.29198894
0.29767513
0.80767467
0.41422564
-1.12794155
-0.19832496
1.08484493
-0.80438162
-2.62151869
-0.07268093
0.00722836
-1.46142791
2.53167252
-0.13284353
1.14539251
1.42369611
0.48664659
0.00395769
-2.27432599
0.06977147
1.08456171
-2.84644317
-5.64943290
0.06279052
-0.34138267
-0.02140839
1.63619941
1.55810113
-0.64778819
-0.13886616
-0.69452920
-0.37621561
-0.25982428
-1.19979438
-0.34619681
-0.06222061
2.06169319
0.05143660
-8.73676617
-1.19642820
0.51250247
0.94898230
-1.64183758
1.69765031
-0.80847113
-0.30800034
0.65971642
0.41631987
1.50054464
-0.04168755
-0.16748368
0.74750715
-0.51078031
-0.16337533
2.31100165
0.09814038
-0.99453304
0.39164636
0.41323608
0.30670467
0.15536763
-0.07392510
-0.31435097
-1.04461204
0.85059794
-0.69500694
-0.28943945
-0.36447027
0.42226016
0.54143830
0.82478631
-0.46001501
0.03811536
-2.79367009
-1.49142800
-0.43142315
-1.13534109
-0.02934995
0.27528951
1.29974013
-0.32423875
-0.01543992
-0.54048263
-1.66076588
-1.23272158
-0.73036498
0.05221862
0.01686290
1.05469943
0.13372420
-1.03355661
-0.21082819
-0.14708750
0.32550761
0.61505562
-0.28551413
-0.16877071
-0.11502748
-1.98250011
0.34416537
1.74985542
-0.31130213
-0.58615753
-1.76868718
-0.30794598
-0.52957052
1.20771979
0.32940602
-0.32040703
-1.04949385
0.93424016
-0.25169469
1.81558846
-3.13225525
-0.29127976
0.14253554
-0.22680668
0.36610755
0.01659724
0.95088836
0.65750381
0.95077811
-0.37326961
1.80429810
0.99973365
0.53330616
-0.13513464
-0.61978207
-2.34036315
0.55472072
0.10458683
-0.52642266
-0.15375770
-0.04295203
-2.40658130
-0.36513062
0.46560768
-2.28038663
0.23437156
0.86117290
0.02526182
-2.79820118
0.23879174
-0.00761903
0.38614119
-0.25390693
-2.13349927
0.18736710
0.48986998
0.29855316
0.35490611
-0.94311202
0.57505547
-0.29337541
0.15796397
0.27312182
0.25591620
-0.10163648
-0.17565752
0.86601937
0.83098417
0.02838345
0.46771514
0.82708843
0.20949191
-0.53037639
0.41441121
-0.31332004
0.03350423
-0.22066187
0.35338389
-0.87255397
0.32043349
0.25463820
0.03675046
-0.24280423
0.15695761
0.09442404
-1.76352316
-0.34424606
0.18064335
-0.12945118
-0.51939839
0.78006150
-0.32564504
-0.40063077
-0.16772123
0.26643350
-0.35869825
-0.15685016
-0.16939125
1.51234505
-0.48465701
0.82803909
0.62959334
0.35749856
1.12714597
